{
 "cells": [
  {
   "cell_type": "markdown",
   "metadata": {},
   "source": [
    "### Prototype: Statistical Analysis Phase\n",
    "\n",
    "# Correlations between demographic and socio-economic factors and incidence of Covid 19 infection and mortality in U.S. Counties\n",
    "\n",
    "#### Objectives\n",
    "1. Gain a greater understanding of the relationship between race/ethnicity, gender, poverty and severe health conditions and Covid 19 morbidity and mortality.\n",
    "2. Apply skills recently acquired via Data Science skills to advocacy that addresses health indisparities.\n",
    "\n",
    "#### Method\n",
    "From previous step:\n",
    "1. Source data on race/ethnicity, gender, poverty and severe health conditions and Covid 19 morbidity and mortality at the U.S county level\n",
    "2. Clean and pre-process data according to unique identifiers\n",
    "\n",
    "In this step:\n",
    "3. Conduct exploratory data analysis\n",
    "4. Test hypothesis that no relationship exists between features using statistical regression (Ordinary Least Squares).\n",
    "5. Articulate conclusions and next steps for Statistical Analysis Phase.\n",
    "\n",
    "In the next step:\n",
    "6. Test hypothesis that features with highest importance are unable to predict Covid 19 morbidity and mortality using machine learning (Random Forest).\n",
    "7. Visualise findings: a) Highly correlated features and possible Simpsons Paradox; b) outcomes of machine learning.\n",
    "8. Articulate conclusions and next steps for Machine Learning Phase\n",
    "\n",
    "### Acknowledgments\n",
    "- Thanks to my instructors Andrew Worsely, Lydia Peabody, the team at General Assembly and my peers in GA Data Science June-August 2020.\n",
    "- Julian Hatwell"
   ]
  },
  {
   "cell_type": "markdown",
   "metadata": {},
   "source": [
    "First step was to create a correlation matrix of the features. All numeric features are log transformed. "
   ]
  },
  {
   "cell_type": "code",
   "execution_count": 2,
   "metadata": {},
   "outputs": [],
   "source": [
    "import pandas as pd\n",
    "\n",
    "all_data_5 = pd.read_csv(\"data/covid_data_log_200908.csv\")"
   ]
  },
  {
   "cell_type": "code",
   "execution_count": 3,
   "metadata": {
    "scrolled": false
   },
   "outputs": [
    {
     "data": {
      "text/html": [
       "<div>\n",
       "<style scoped>\n",
       "    .dataframe tbody tr th:only-of-type {\n",
       "        vertical-align: middle;\n",
       "    }\n",
       "\n",
       "    .dataframe tbody tr th {\n",
       "        vertical-align: top;\n",
       "    }\n",
       "\n",
       "    .dataframe thead th {\n",
       "        text-align: right;\n",
       "    }\n",
       "</style>\n",
       "<table border=\"1\" class=\"dataframe\">\n",
       "  <thead>\n",
       "    <tr style=\"text-align: right;\">\n",
       "      <th></th>\n",
       "      <th>FIPS</th>\n",
       "      <th>stateFIPS</th>\n",
       "      <th>countyFIPS_2d</th>\n",
       "      <th>Cases</th>\n",
       "      <th>Deaths</th>\n",
       "      <th>Poverty</th>\n",
       "      <th>Population</th>\n",
       "      <th>W_Male</th>\n",
       "      <th>W_Female</th>\n",
       "      <th>B_Male</th>\n",
       "      <th>B_Female</th>\n",
       "      <th>I_Male</th>\n",
       "      <th>I_Female</th>\n",
       "      <th>A_Male</th>\n",
       "      <th>A_Female</th>\n",
       "      <th>NH_Male</th>\n",
       "      <th>NH_Female</th>\n",
       "      <th>Risk_Index</th>\n",
       "    </tr>\n",
       "  </thead>\n",
       "  <tbody>\n",
       "    <tr>\n",
       "      <th>FIPS</th>\n",
       "      <td>1.000000</td>\n",
       "      <td>0.999975</td>\n",
       "      <td>0.172145</td>\n",
       "      <td>-0.077418</td>\n",
       "      <td>-0.094983</td>\n",
       "      <td>-0.029532</td>\n",
       "      <td>-0.027460</td>\n",
       "      <td>-0.005085</td>\n",
       "      <td>-0.002671</td>\n",
       "      <td>-0.073047</td>\n",
       "      <td>-0.075860</td>\n",
       "      <td>-0.004443</td>\n",
       "      <td>-0.003757</td>\n",
       "      <td>-0.046871</td>\n",
       "      <td>-0.043429</td>\n",
       "      <td>-0.067457</td>\n",
       "      <td>-0.063514</td>\n",
       "      <td>-0.057188</td>\n",
       "    </tr>\n",
       "    <tr>\n",
       "      <th>stateFIPS</th>\n",
       "      <td>0.999975</td>\n",
       "      <td>1.000000</td>\n",
       "      <td>0.165240</td>\n",
       "      <td>-0.077401</td>\n",
       "      <td>-0.094913</td>\n",
       "      <td>-0.029016</td>\n",
       "      <td>-0.026971</td>\n",
       "      <td>-0.004482</td>\n",
       "      <td>-0.002082</td>\n",
       "      <td>-0.073395</td>\n",
       "      <td>-0.076283</td>\n",
       "      <td>-0.003729</td>\n",
       "      <td>-0.003025</td>\n",
       "      <td>-0.046640</td>\n",
       "      <td>-0.043193</td>\n",
       "      <td>-0.067101</td>\n",
       "      <td>-0.063143</td>\n",
       "      <td>-0.057497</td>\n",
       "    </tr>\n",
       "    <tr>\n",
       "      <th>countyFIPS_2d</th>\n",
       "      <td>0.172145</td>\n",
       "      <td>0.165240</td>\n",
       "      <td>1.000000</td>\n",
       "      <td>-0.015464</td>\n",
       "      <td>-0.025916</td>\n",
       "      <td>-0.077585</td>\n",
       "      <td>-0.073370</td>\n",
       "      <td>-0.085662</td>\n",
       "      <td>-0.083333</td>\n",
       "      <td>0.036569</td>\n",
       "      <td>0.046673</td>\n",
       "      <td>-0.101119</td>\n",
       "      <td>-0.103581</td>\n",
       "      <td>-0.040380</td>\n",
       "      <td>-0.040465</td>\n",
       "      <td>-0.061469</td>\n",
       "      <td>-0.062938</td>\n",
       "      <td>0.033805</td>\n",
       "    </tr>\n",
       "    <tr>\n",
       "      <th>Cases</th>\n",
       "      <td>-0.077418</td>\n",
       "      <td>-0.077401</td>\n",
       "      <td>-0.015464</td>\n",
       "      <td>1.000000</td>\n",
       "      <td>0.831404</td>\n",
       "      <td>0.863333</td>\n",
       "      <td>0.870442</td>\n",
       "      <td>0.830109</td>\n",
       "      <td>0.829317</td>\n",
       "      <td>0.855902</td>\n",
       "      <td>0.854359</td>\n",
       "      <td>0.675372</td>\n",
       "      <td>0.672780</td>\n",
       "      <td>0.821229</td>\n",
       "      <td>0.816102</td>\n",
       "      <td>0.773864</td>\n",
       "      <td>0.768634</td>\n",
       "      <td>-0.147728</td>\n",
       "    </tr>\n",
       "    <tr>\n",
       "      <th>Deaths</th>\n",
       "      <td>-0.094983</td>\n",
       "      <td>-0.094913</td>\n",
       "      <td>-0.025916</td>\n",
       "      <td>0.831404</td>\n",
       "      <td>1.000000</td>\n",
       "      <td>0.752192</td>\n",
       "      <td>0.753452</td>\n",
       "      <td>0.707211</td>\n",
       "      <td>0.707504</td>\n",
       "      <td>0.767904</td>\n",
       "      <td>0.777835</td>\n",
       "      <td>0.567649</td>\n",
       "      <td>0.572033</td>\n",
       "      <td>0.714703</td>\n",
       "      <td>0.710788</td>\n",
       "      <td>0.665688</td>\n",
       "      <td>0.668661</td>\n",
       "      <td>-0.109679</td>\n",
       "    </tr>\n",
       "    <tr>\n",
       "      <th>Poverty</th>\n",
       "      <td>-0.029532</td>\n",
       "      <td>-0.029016</td>\n",
       "      <td>-0.077585</td>\n",
       "      <td>0.863333</td>\n",
       "      <td>0.752192</td>\n",
       "      <td>1.000000</td>\n",
       "      <td>0.994726</td>\n",
       "      <td>0.977495</td>\n",
       "      <td>0.977334</td>\n",
       "      <td>0.840801</td>\n",
       "      <td>0.835874</td>\n",
       "      <td>0.811566</td>\n",
       "      <td>0.812330</td>\n",
       "      <td>0.941105</td>\n",
       "      <td>0.948649</td>\n",
       "      <td>0.893172</td>\n",
       "      <td>0.896652</td>\n",
       "      <td>-0.271954</td>\n",
       "    </tr>\n",
       "    <tr>\n",
       "      <th>Population</th>\n",
       "      <td>-0.027460</td>\n",
       "      <td>-0.026971</td>\n",
       "      <td>-0.073370</td>\n",
       "      <td>0.870442</td>\n",
       "      <td>0.753452</td>\n",
       "      <td>0.994726</td>\n",
       "      <td>1.000000</td>\n",
       "      <td>0.983873</td>\n",
       "      <td>0.982604</td>\n",
       "      <td>0.849985</td>\n",
       "      <td>0.840931</td>\n",
       "      <td>0.816265</td>\n",
       "      <td>0.815136</td>\n",
       "      <td>0.943148</td>\n",
       "      <td>0.950443</td>\n",
       "      <td>0.891949</td>\n",
       "      <td>0.894597</td>\n",
       "      <td>-0.270748</td>\n",
       "    </tr>\n",
       "    <tr>\n",
       "      <th>W_Male</th>\n",
       "      <td>-0.005085</td>\n",
       "      <td>-0.004482</td>\n",
       "      <td>-0.085662</td>\n",
       "      <td>0.830109</td>\n",
       "      <td>0.707211</td>\n",
       "      <td>0.977495</td>\n",
       "      <td>0.983873</td>\n",
       "      <td>1.000000</td>\n",
       "      <td>0.998602</td>\n",
       "      <td>0.782062</td>\n",
       "      <td>0.767795</td>\n",
       "      <td>0.785402</td>\n",
       "      <td>0.782802</td>\n",
       "      <td>0.921671</td>\n",
       "      <td>0.932434</td>\n",
       "      <td>0.873083</td>\n",
       "      <td>0.876733</td>\n",
       "      <td>-0.316735</td>\n",
       "    </tr>\n",
       "    <tr>\n",
       "      <th>W_Female</th>\n",
       "      <td>-0.002671</td>\n",
       "      <td>-0.002082</td>\n",
       "      <td>-0.083333</td>\n",
       "      <td>0.829317</td>\n",
       "      <td>0.707504</td>\n",
       "      <td>0.977334</td>\n",
       "      <td>0.982604</td>\n",
       "      <td>0.998602</td>\n",
       "      <td>1.000000</td>\n",
       "      <td>0.778496</td>\n",
       "      <td>0.768960</td>\n",
       "      <td>0.777178</td>\n",
       "      <td>0.776519</td>\n",
       "      <td>0.916457</td>\n",
       "      <td>0.928951</td>\n",
       "      <td>0.867349</td>\n",
       "      <td>0.872161</td>\n",
       "      <td>-0.306520</td>\n",
       "    </tr>\n",
       "    <tr>\n",
       "      <th>B_Male</th>\n",
       "      <td>-0.073047</td>\n",
       "      <td>-0.073395</td>\n",
       "      <td>0.036569</td>\n",
       "      <td>0.855902</td>\n",
       "      <td>0.767904</td>\n",
       "      <td>0.840801</td>\n",
       "      <td>0.849985</td>\n",
       "      <td>0.782062</td>\n",
       "      <td>0.778496</td>\n",
       "      <td>1.000000</td>\n",
       "      <td>0.980966</td>\n",
       "      <td>0.643079</td>\n",
       "      <td>0.637336</td>\n",
       "      <td>0.817367</td>\n",
       "      <td>0.804058</td>\n",
       "      <td>0.758753</td>\n",
       "      <td>0.758668</td>\n",
       "      <td>-0.036136</td>\n",
       "    </tr>\n",
       "    <tr>\n",
       "      <th>B_Female</th>\n",
       "      <td>-0.075860</td>\n",
       "      <td>-0.076283</td>\n",
       "      <td>0.046673</td>\n",
       "      <td>0.854359</td>\n",
       "      <td>0.777835</td>\n",
       "      <td>0.835874</td>\n",
       "      <td>0.840931</td>\n",
       "      <td>0.767795</td>\n",
       "      <td>0.768960</td>\n",
       "      <td>0.980966</td>\n",
       "      <td>1.000000</td>\n",
       "      <td>0.626884</td>\n",
       "      <td>0.628263</td>\n",
       "      <td>0.808608</td>\n",
       "      <td>0.800673</td>\n",
       "      <td>0.751297</td>\n",
       "      <td>0.754782</td>\n",
       "      <td>-0.021105</td>\n",
       "    </tr>\n",
       "    <tr>\n",
       "      <th>I_Male</th>\n",
       "      <td>-0.004443</td>\n",
       "      <td>-0.003729</td>\n",
       "      <td>-0.101119</td>\n",
       "      <td>0.675372</td>\n",
       "      <td>0.567649</td>\n",
       "      <td>0.811566</td>\n",
       "      <td>0.816265</td>\n",
       "      <td>0.785402</td>\n",
       "      <td>0.777178</td>\n",
       "      <td>0.643079</td>\n",
       "      <td>0.626884</td>\n",
       "      <td>1.000000</td>\n",
       "      <td>0.990532</td>\n",
       "      <td>0.816773</td>\n",
       "      <td>0.820568</td>\n",
       "      <td>0.831538</td>\n",
       "      <td>0.828568</td>\n",
       "      <td>-0.322763</td>\n",
       "    </tr>\n",
       "    <tr>\n",
       "      <th>I_Female</th>\n",
       "      <td>-0.003757</td>\n",
       "      <td>-0.003025</td>\n",
       "      <td>-0.103581</td>\n",
       "      <td>0.672780</td>\n",
       "      <td>0.572033</td>\n",
       "      <td>0.812330</td>\n",
       "      <td>0.815136</td>\n",
       "      <td>0.782802</td>\n",
       "      <td>0.776519</td>\n",
       "      <td>0.637336</td>\n",
       "      <td>0.628263</td>\n",
       "      <td>0.990532</td>\n",
       "      <td>1.000000</td>\n",
       "      <td>0.814981</td>\n",
       "      <td>0.819945</td>\n",
       "      <td>0.829597</td>\n",
       "      <td>0.826855</td>\n",
       "      <td>-0.317931</td>\n",
       "    </tr>\n",
       "    <tr>\n",
       "      <th>A_Male</th>\n",
       "      <td>-0.046871</td>\n",
       "      <td>-0.046640</td>\n",
       "      <td>-0.040380</td>\n",
       "      <td>0.821229</td>\n",
       "      <td>0.714703</td>\n",
       "      <td>0.941105</td>\n",
       "      <td>0.943148</td>\n",
       "      <td>0.921671</td>\n",
       "      <td>0.916457</td>\n",
       "      <td>0.817367</td>\n",
       "      <td>0.808608</td>\n",
       "      <td>0.816773</td>\n",
       "      <td>0.814981</td>\n",
       "      <td>1.000000</td>\n",
       "      <td>0.986812</td>\n",
       "      <td>0.908155</td>\n",
       "      <td>0.909988</td>\n",
       "      <td>-0.399052</td>\n",
       "    </tr>\n",
       "    <tr>\n",
       "      <th>A_Female</th>\n",
       "      <td>-0.043429</td>\n",
       "      <td>-0.043193</td>\n",
       "      <td>-0.040465</td>\n",
       "      <td>0.816102</td>\n",
       "      <td>0.710788</td>\n",
       "      <td>0.948649</td>\n",
       "      <td>0.950443</td>\n",
       "      <td>0.932434</td>\n",
       "      <td>0.928951</td>\n",
       "      <td>0.804058</td>\n",
       "      <td>0.800673</td>\n",
       "      <td>0.820568</td>\n",
       "      <td>0.819945</td>\n",
       "      <td>0.986812</td>\n",
       "      <td>1.000000</td>\n",
       "      <td>0.910004</td>\n",
       "      <td>0.913628</td>\n",
       "      <td>-0.402226</td>\n",
       "    </tr>\n",
       "    <tr>\n",
       "      <th>NH_Male</th>\n",
       "      <td>-0.067457</td>\n",
       "      <td>-0.067101</td>\n",
       "      <td>-0.061469</td>\n",
       "      <td>0.773864</td>\n",
       "      <td>0.665688</td>\n",
       "      <td>0.893172</td>\n",
       "      <td>0.891949</td>\n",
       "      <td>0.873083</td>\n",
       "      <td>0.867349</td>\n",
       "      <td>0.758753</td>\n",
       "      <td>0.751297</td>\n",
       "      <td>0.831538</td>\n",
       "      <td>0.829597</td>\n",
       "      <td>0.908155</td>\n",
       "      <td>0.910004</td>\n",
       "      <td>1.000000</td>\n",
       "      <td>0.958275</td>\n",
       "      <td>-0.361634</td>\n",
       "    </tr>\n",
       "    <tr>\n",
       "      <th>NH_Female</th>\n",
       "      <td>-0.063514</td>\n",
       "      <td>-0.063143</td>\n",
       "      <td>-0.062938</td>\n",
       "      <td>0.768634</td>\n",
       "      <td>0.668661</td>\n",
       "      <td>0.896652</td>\n",
       "      <td>0.894597</td>\n",
       "      <td>0.876733</td>\n",
       "      <td>0.872161</td>\n",
       "      <td>0.758668</td>\n",
       "      <td>0.754782</td>\n",
       "      <td>0.828568</td>\n",
       "      <td>0.826855</td>\n",
       "      <td>0.909988</td>\n",
       "      <td>0.913628</td>\n",
       "      <td>0.958275</td>\n",
       "      <td>1.000000</td>\n",
       "      <td>-0.366831</td>\n",
       "    </tr>\n",
       "    <tr>\n",
       "      <th>Risk_Index</th>\n",
       "      <td>-0.057188</td>\n",
       "      <td>-0.057497</td>\n",
       "      <td>0.033805</td>\n",
       "      <td>-0.147728</td>\n",
       "      <td>-0.109679</td>\n",
       "      <td>-0.271954</td>\n",
       "      <td>-0.270748</td>\n",
       "      <td>-0.316735</td>\n",
       "      <td>-0.306520</td>\n",
       "      <td>-0.036136</td>\n",
       "      <td>-0.021105</td>\n",
       "      <td>-0.322763</td>\n",
       "      <td>-0.317931</td>\n",
       "      <td>-0.399052</td>\n",
       "      <td>-0.402226</td>\n",
       "      <td>-0.361634</td>\n",
       "      <td>-0.366831</td>\n",
       "      <td>1.000000</td>\n",
       "    </tr>\n",
       "  </tbody>\n",
       "</table>\n",
       "</div>"
      ],
      "text/plain": [
       "                   FIPS  stateFIPS  countyFIPS_2d     Cases    Deaths  \\\n",
       "FIPS           1.000000   0.999975       0.172145 -0.077418 -0.094983   \n",
       "stateFIPS      0.999975   1.000000       0.165240 -0.077401 -0.094913   \n",
       "countyFIPS_2d  0.172145   0.165240       1.000000 -0.015464 -0.025916   \n",
       "Cases         -0.077418  -0.077401      -0.015464  1.000000  0.831404   \n",
       "Deaths        -0.094983  -0.094913      -0.025916  0.831404  1.000000   \n",
       "Poverty       -0.029532  -0.029016      -0.077585  0.863333  0.752192   \n",
       "Population    -0.027460  -0.026971      -0.073370  0.870442  0.753452   \n",
       "W_Male        -0.005085  -0.004482      -0.085662  0.830109  0.707211   \n",
       "W_Female      -0.002671  -0.002082      -0.083333  0.829317  0.707504   \n",
       "B_Male        -0.073047  -0.073395       0.036569  0.855902  0.767904   \n",
       "B_Female      -0.075860  -0.076283       0.046673  0.854359  0.777835   \n",
       "I_Male        -0.004443  -0.003729      -0.101119  0.675372  0.567649   \n",
       "I_Female      -0.003757  -0.003025      -0.103581  0.672780  0.572033   \n",
       "A_Male        -0.046871  -0.046640      -0.040380  0.821229  0.714703   \n",
       "A_Female      -0.043429  -0.043193      -0.040465  0.816102  0.710788   \n",
       "NH_Male       -0.067457  -0.067101      -0.061469  0.773864  0.665688   \n",
       "NH_Female     -0.063514  -0.063143      -0.062938  0.768634  0.668661   \n",
       "Risk_Index    -0.057188  -0.057497       0.033805 -0.147728 -0.109679   \n",
       "\n",
       "                Poverty  Population    W_Male  W_Female    B_Male  B_Female  \\\n",
       "FIPS          -0.029532   -0.027460 -0.005085 -0.002671 -0.073047 -0.075860   \n",
       "stateFIPS     -0.029016   -0.026971 -0.004482 -0.002082 -0.073395 -0.076283   \n",
       "countyFIPS_2d -0.077585   -0.073370 -0.085662 -0.083333  0.036569  0.046673   \n",
       "Cases          0.863333    0.870442  0.830109  0.829317  0.855902  0.854359   \n",
       "Deaths         0.752192    0.753452  0.707211  0.707504  0.767904  0.777835   \n",
       "Poverty        1.000000    0.994726  0.977495  0.977334  0.840801  0.835874   \n",
       "Population     0.994726    1.000000  0.983873  0.982604  0.849985  0.840931   \n",
       "W_Male         0.977495    0.983873  1.000000  0.998602  0.782062  0.767795   \n",
       "W_Female       0.977334    0.982604  0.998602  1.000000  0.778496  0.768960   \n",
       "B_Male         0.840801    0.849985  0.782062  0.778496  1.000000  0.980966   \n",
       "B_Female       0.835874    0.840931  0.767795  0.768960  0.980966  1.000000   \n",
       "I_Male         0.811566    0.816265  0.785402  0.777178  0.643079  0.626884   \n",
       "I_Female       0.812330    0.815136  0.782802  0.776519  0.637336  0.628263   \n",
       "A_Male         0.941105    0.943148  0.921671  0.916457  0.817367  0.808608   \n",
       "A_Female       0.948649    0.950443  0.932434  0.928951  0.804058  0.800673   \n",
       "NH_Male        0.893172    0.891949  0.873083  0.867349  0.758753  0.751297   \n",
       "NH_Female      0.896652    0.894597  0.876733  0.872161  0.758668  0.754782   \n",
       "Risk_Index    -0.271954   -0.270748 -0.316735 -0.306520 -0.036136 -0.021105   \n",
       "\n",
       "                 I_Male  I_Female    A_Male  A_Female   NH_Male  NH_Female  \\\n",
       "FIPS          -0.004443 -0.003757 -0.046871 -0.043429 -0.067457  -0.063514   \n",
       "stateFIPS     -0.003729 -0.003025 -0.046640 -0.043193 -0.067101  -0.063143   \n",
       "countyFIPS_2d -0.101119 -0.103581 -0.040380 -0.040465 -0.061469  -0.062938   \n",
       "Cases          0.675372  0.672780  0.821229  0.816102  0.773864   0.768634   \n",
       "Deaths         0.567649  0.572033  0.714703  0.710788  0.665688   0.668661   \n",
       "Poverty        0.811566  0.812330  0.941105  0.948649  0.893172   0.896652   \n",
       "Population     0.816265  0.815136  0.943148  0.950443  0.891949   0.894597   \n",
       "W_Male         0.785402  0.782802  0.921671  0.932434  0.873083   0.876733   \n",
       "W_Female       0.777178  0.776519  0.916457  0.928951  0.867349   0.872161   \n",
       "B_Male         0.643079  0.637336  0.817367  0.804058  0.758753   0.758668   \n",
       "B_Female       0.626884  0.628263  0.808608  0.800673  0.751297   0.754782   \n",
       "I_Male         1.000000  0.990532  0.816773  0.820568  0.831538   0.828568   \n",
       "I_Female       0.990532  1.000000  0.814981  0.819945  0.829597   0.826855   \n",
       "A_Male         0.816773  0.814981  1.000000  0.986812  0.908155   0.909988   \n",
       "A_Female       0.820568  0.819945  0.986812  1.000000  0.910004   0.913628   \n",
       "NH_Male        0.831538  0.829597  0.908155  0.910004  1.000000   0.958275   \n",
       "NH_Female      0.828568  0.826855  0.909988  0.913628  0.958275   1.000000   \n",
       "Risk_Index    -0.322763 -0.317931 -0.399052 -0.402226 -0.361634  -0.366831   \n",
       "\n",
       "               Risk_Index  \n",
       "FIPS            -0.057188  \n",
       "stateFIPS       -0.057497  \n",
       "countyFIPS_2d    0.033805  \n",
       "Cases           -0.147728  \n",
       "Deaths          -0.109679  \n",
       "Poverty         -0.271954  \n",
       "Population      -0.270748  \n",
       "W_Male          -0.316735  \n",
       "W_Female        -0.306520  \n",
       "B_Male          -0.036136  \n",
       "B_Female        -0.021105  \n",
       "I_Male          -0.322763  \n",
       "I_Female        -0.317931  \n",
       "A_Male          -0.399052  \n",
       "A_Female        -0.402226  \n",
       "NH_Male         -0.361634  \n",
       "NH_Female       -0.366831  \n",
       "Risk_Index       1.000000  "
      ]
     },
     "execution_count": 3,
     "metadata": {},
     "output_type": "execute_result"
    }
   ],
   "source": [
    "all_data_5.corr()"
   ]
  },
  {
   "cell_type": "code",
   "execution_count": 4,
   "metadata": {
    "scrolled": false
   },
   "outputs": [
    {
     "name": "stdout",
     "output_type": "stream",
     "text": [
      "<class 'pandas.core.frame.DataFrame'>\n",
      "RangeIndex: 3142 entries, 0 to 3141\n",
      "Data columns (total 21 columns):\n",
      " #   Column         Non-Null Count  Dtype  \n",
      "---  ------         --------------  -----  \n",
      " 0   FIPS           3142 non-null   int64  \n",
      " 1   stateFIPS      3142 non-null   int64  \n",
      " 2   countyFIPS_2d  3142 non-null   int64  \n",
      " 3   County         3142 non-null   object \n",
      " 4   State          3142 non-null   object \n",
      " 5   Cases          3142 non-null   float64\n",
      " 6   Deaths         3142 non-null   float64\n",
      " 7   Poverty        3142 non-null   float64\n",
      " 8   Population     3142 non-null   float64\n",
      " 9   W_Male         3142 non-null   float64\n",
      " 10  W_Female       3142 non-null   float64\n",
      " 11  B_Male         3142 non-null   float64\n",
      " 12  B_Female       3142 non-null   float64\n",
      " 13  I_Male         3142 non-null   float64\n",
      " 14  I_Female       3142 non-null   float64\n",
      " 15  A_Male         3142 non-null   float64\n",
      " 16  A_Female       3142 non-null   float64\n",
      " 17  NH_Male        3142 non-null   float64\n",
      " 18  NH_Female      3142 non-null   float64\n",
      " 19  Risk_Index     3142 non-null   float64\n",
      " 20  Risk_Cat       3142 non-null   object \n",
      "dtypes: float64(15), int64(3), object(3)\n",
      "memory usage: 515.6+ KB\n"
     ]
    }
   ],
   "source": [
    "all_data_5.info()"
   ]
  },
  {
   "cell_type": "markdown",
   "metadata": {},
   "source": [
    "Next step was to visualise the correlations"
   ]
  },
  {
   "cell_type": "code",
   "execution_count": 5,
   "metadata": {
    "scrolled": true
   },
   "outputs": [
    {
     "data": {
      "text/plain": [
       "<matplotlib.axes._subplots.AxesSubplot at 0x7fac0c64bf40>"
      ]
     },
     "execution_count": 5,
     "metadata": {},
     "output_type": "execute_result"
    },
    {
     "data": {
